caso, grafo	vértices, arestas, densidade, esperado, obtido, cpu clocks					
1, Grafo nulo, 100, 0, 0, 1, 1, 2.23e-05
2, Bidiakis cube, 12, 18, 0.27272, 3, 3, 1.97e-05
3, Brinkmann, 21, 42, 0.2, 4, 4, 4.08e-05
4, {Dyck}, 32, 48, 0.09677, 2, 2, 4.43e-05
5, {Chvátal}, 12, 24, 0.36363, 4, 4, 2.6e-05 
6, {Errera}, 17, 45, 0.33088, 4, 4, 3.96e-05
7, {Harries–Wong}, 70, 105, 0.04347, 2, 2, 0.0001234
8, {Biggs–Smith}, 102, 153, 0.02970, 3, 3, 0.000151
9, $K_{7}$, 7, 21, 1, 7, 7, 2.03e-05
10, $K_{10}$, 10, 45, 1, 10, 10, 3.51e-05
11, $K_{100}$, 100, 4950, 1, 100, 100, 0.0027491
12, $K_{200}$, 200, 19900, 1, 200, 200, 0.0108381
13, $K_{400}$, 400, 79800, 1, 400, 400, 0.0512886
14, $K_{800}$, 800, 319600, 1, 800, 800, 0.211293